 	Team	GP	W	L	WIN%	Min	PTS	FGM	FGA	FG%	3PM	3PA	3P%	FTM	FTA	FT%	OREB	DREB	REB	AST	TOV	STL	BLK	BLKA	PF	PFD	+/-
1	
Indiana Pacers Logo
Indiana Pacers
10	8	2	.800	48.5	117.7	43.1	86.0	50.1	14.1	34.7	40.6	17.4	21.9	79.5	6.8	34.7	41.5	29.7	12.8	6.8	6.0	3.8	22.5	21.2	5.5
1	
Minnesota Timberwolves Logo
Minnesota Timberwolves
10	8	2	.800	48.0	108.2	39.4	84.7	46.5	12.3	35.1	35.0	17.1	22.1	77.4	11.3	30.7	42.0	24.9	14.8	8.1	4.5	3.8	21.2	20.9	7.1
3	
Oklahoma City Thunder Logo
Oklahoma City Thunder
10	7	3	.700	48.5	116.3	42.2	93.7	45.0	12.5	39.0	32.1	19.4	25.0	77.6	12.1	34.3	46.4	25.3	11.0	10.1	6.4	5.6	21.7	21.5	11.0
4	
New York Knicks Logo
New York Knicks
12	8	4	.667	48.4	106.8	38.7	87.0	44.4	11.4	31.9	35.8	18.1	24.1	75.1	11.9	31.1	43.0	20.0	12.9	7.8	4.6	6.1	20.4	22.1	0.9
5	
Cleveland Cavaliers Logo
Cleveland Cavaliers
9	5	4	.556	48.0	119.4	40.9	87.8	46.6	14.9	41.0	36.3	22.8	27.9	81.7	12.3	32.3	44.7	22.9	12.1	8.9	3.6	5.3	18.6	22.0	11.7
6	
Boston Celtics Logo
Boston Celtics
11	6	5	.545	48.5	105.7	36.7	83.0	44.2	14.2	39.4	36.0	18.1	22.6	79.9	10.8	32.3	43.1	20.0	13.2	6.7	5.4	3.6	19.5	20.1	5.5
7	
Denver Nuggets Logo
Denver Nuggets
13	7	6	.538	48.8	108.1	39.0	86.7	45.0	12.0	33.5	35.9	18.1	23.7	76.3	12.1	34.3	46.4	22.8	15.2	7.7	4.4	6.7	20.0	21.3	-2.8
8	
Houston Rockets Logo
Houston Rockets
7	3	4	.429	48.0	104.0	36.7	82.3	44.6	10.6	28.3	37.4	20.0	28.6	70.0	13.4	33.4	46.9	19.6	13.6	7.9	5.1	4.9	17.7	21.4	0.0
8	
LA Clippers Logo
LA Clippers
7	3	4	.429	48.7	108.3	41.1	84.6	48.6	12.0	33.0	36.4	14.0	19.6	71.5	10.0	29.4	39.4	26.0	12.0	8.0	7.1	3.9	19.3	18.3	0.6
10	
Golden State Warriors Logo
Golden State Warriors
12	5	7	.417	48.0	103.1	36.8	85.5	43.1	13.7	38.8	35.3	15.8	20.5	76.8	12.1	28.3	40.3	23.3	14.4	8.9	3.9	5.3	21.2	19.3	-3.0
11	
Detroit Pistons Logo
Detroit Pistons
6	2	4	.333	48.0	106.7	37.2	82.7	45.0	10.2	31.3	32.4	22.2	27.8	79.6	11.0	32.8	43.8	20.0	16.5	7.2	6.3	5.7	22.8	21.8	-1.3
12	
Los Angeles Lakers Logo
Los Angeles Lakers
5	1	4	.200	48.0	100.4	34.6	78.8	43.9	13.6	38.8	35.1	17.6	21.2	83.0	9.6	29.4	39.0	21.2	14.6	5.0	5.0	3.6	21.0	20.8	-7.0
12	
Milwaukee Bucks Logo
Milwaukee Bucks
5	1	4	.200	49.0	110.2	39.8	87.8	45.3	14.4	38.0	37.9	16.2	22.4	72.3	10.4	33.2	43.6	23.8	13.0	6.0	3.6	4.8	19.6	19.2	-7.6
12	
Orlando Magic Logo
Orlando Magic
5	1	4	.200	48.0	93.6	35.6	84.4	42.2	8.2	31.2	26.3	14.2	20.6	68.9	11.4	28.4	39.8	18.6	11.6	6.4	3.8	4.8	21.4	17.4	-12.8
15	
Memphis Grizzlies Logo
Memphis Grizzlies
4	0	4	.000	48.0	100.5	36.0	86.8	41.5	10.5	34.5	30.4	18.0	20.5	87.8	10.3	34.0	44.3	20.5	19.3	5.8	6.5	6.8	20.8	18.8	-19.5
15	
Miami Heat Logo
Miami Heat
4	0	4	.000	48.0	95.5	36.3	81.5	44.5	13.8	39.8	34.6	9.3	13.3	69.8	10.0	27.3	37.3	21.3	16.0	4.5	3.0	3.0	17.3	13.3	-30.5
